12.03.23 Tok.mnozhitel 10^-2
0.00	1432
1.00	1420
2.00	1407
3.00	1395
4.00	1383
5.00	1371
6.00	1358
7.00	1346
8.00	1335
9.00	1322
10.00	1311
11.00	1300
12.00	1288
13.00	1276
14.00	1265
15.00	1254
16.00	1244
17.00	1234
18.00	1223
19.00	1213
20.00	1203
21.00	1193
22.00	1182
23.00	1173
24.00	1163
25.00	1154
26.00	1144
27.00	1135
28.00	1125
29.00	1117
30.00	1108
31.00	1099
32.00	1090
33.00	1082
34.00	1073
35.00	1065
36.00	1057
37.00	1051
38.00	1042
39.00	1035
40.00	1027
41.00	1020
42.00	1013
43.00	1006
44.00	1000
45.00	992
46.00	986
47.00	980
48.00	973
49.00	966
50.00	960
51.00	953
52.00	947
53.00	941
54.00	935
55.00	929
56.00	923
57.00	918
58.00	912
59.00	906
60.00	901
61.00	896
62.00	890
63.00	886
64.00	881
65.00	876
66.00	871
67.00	866
68.00	862
69.00	857
70.00	852
71.00	848
72.00	844
73.00	840
74.00	835
75.00	830
76.00	827
77.00	823
78.00	818
79.00	814
80.00	810
81.00	806
82.00	802
83.00	798
84.00	794
85.00	790
86.00	787
87.00	784
88.00	779
89.00	776
90.00	773
91.00	769
92.00	767
93.00	763
94.00	759
95.00	757
96.00	753
97.00	750
98.00	748
99.00	744
100.00	741
101.00	738
102.00	736
103.00	733
104.00	730
105.00	726
106.00	724
107.00	720
108.00	718
109.00	715
110.00	713
111.00	710
112.00	708
113.00	706
114.00	703
115.00	701
116.00	698
117.00	696
118.00	694
119.00	692
120.00	688
121.00	687
122.00	684
123.00	682
124.00	680
125.00	678
126.00	676
127.00	674
128.00	672
129.00	669
130.00	667
131.00	665
132.00	663
133.00	661
134.00	659
135.00	657
136.00	655
137.00	654
138.00	652
139.00	650
140.00	648
141.00	647
142.00	645
143.00	643
144.00	641
145.00	639
146.00	637
147.00	636
148.00	635
149.00	632
150.00	631
151.00	629
152.00	628
153.00	626
154.00	625
155.00	623
156.00	621
157.00	619
158.00	617
159.00	617
160.00	616
161.00	614
162.00	612
163.00	611
164.00	609
165.00	607
166.00	607
167.00	604
168.00	603
169.00	602
170.00	601
171.00	599
172.00	598
173.00	597
174.00	596
175.00	594
176.00	592
177.00	591
178.00	590
179.00	589
180.00	588
181.00	586
182.00	586
183.00	584
184.00	583
185.00	582
186.00	580
187.00	579
188.00	578
189.00	577
190.00	576
191.00	574
192.00	574
193.00	572
194.00	571
195.00	569
196.00	568
197.00	567
198.00	567
199.00	566
200.00	565
201.00	564
202.00	563
203.00	561
204.00	560
205.00	559
206.00	557
207.00	556
208.00	556
209.00	555
210.00	554
211.00	553
212.00	552
213.00	551
214.00	550
215.00	548
216.00	548
217.00	547
218.00	546
219.00	546
220.00	545
221.00	544
222.00	542
223.00	541
224.00	541
225.00	541
226.00	539
227.00	538
228.00	537
229.00	536
230.00	535
231.00	534
232.00	534
233.00	534
234.00	533
235.00	531
236.00	531
237.00	530
238.00	528
239.00	528
240.00	528
241.00	527
242.00	526
243.00	525
244.00	524
245.00	523
246.00	522
247.00	522
248.00	522
249.00	521
250.00	520
251.00	519
252.00	517
253.00	517
254.00	516
255.00	516
256.00	516
257.00	514
258.00	513
259.00	512
260.00	513
261.00	511
262.00	511
263.00	510
264.00	509
265.00	508
266.00	507
267.00	508
268.00	506
269.00	505
270.00	505
271.00	503
272.00	503
273.00	502
274.00	502
275.00	502
276.00	501
277.00	501
278.00	500
279.00	499
280.00	498
281.00	498
282.00	497
283.00	496
284.00	495
285.00	495
286.00	495
287.00	494
288.00	493
289.00	492
290.00	492
291.00	491
292.00	490
293.00	489
294.00	488
295.00	488
296.00	488
297.00	488
298.00	487
299.00	486
300.00	485
301.00	485
302.00	485
303.00	484
304.00	483
305.00	481
306.00	482
307.00	481
308.00	481
309.00	480
310.00	480
311.00	479
312.00	478
313.00	478
314.00	478
315.00	477
316.00	477
317.00	476
318.00	476
319.00	475
320.00	475
321.00	474
322.00	473
323.00	472
324.00	472
325.00	471
326.00	470
327.00	470
328.00	470
329.00	470
330.00	469
331.00	468
332.00	468
333.00	467
334.00	467
335.00	466
336.00	466
337.00	466
338.00	465
339.00	465
340.00	465
341.00	464
342.00	463
343.00	463
344.00	462
345.00	461
346.00	460
347.00	460
348.00	460
349.00	460
350.00	459
351.00	459
352.00	459
353.00	458
354.00	457
355.00	457
356.00	456
357.00	455
358.00	455
359.00	455
360.00	455
361.00	454
362.00	454
363.00	453
364.00	453
365.00	452
366.00	451
367.00	451
368.00	450
369.00	450
370.00	450
371.00	450
372.00	450
373.00	449
374.00	449
375.00	448
376.00	447
377.00	447
378.00	446
379.00	445
380.00	445
381.00	445
382.00	445
383.00	444
384.00	444
385.00	443
386.00	444
387.00	443
388.00	443
389.00	442
390.00	441
391.00	440
392.00	440
393.00	440
394.00	440
395.00	439
396.00	439
397.00	439
398.00	438
399.00	438
400.00	437
401.00	437
402.00	437
403.00	436
404.00	435
405.00	435
406.00	435
407.00	434
408.00	435
409.00	434
410.00	434
411.00	433
412.00	433
413.00	432
414.00	432
415.00	430
416.00	430
417.00	430
418.00	430
419.00	430
420.00	430
421.00	429
422.00	429
423.00	429
424.00	428
425.00	427
426.00	427
427.00	427
428.00	426
429.00	426
430.00	425
431.00	425
432.00	425
433.00	424
434.00	424
435.00	424
436.00	423
437.00	423
438.00	422
439.00	422
440.00	422
441.00	422
442.00	422
443.00	422
444.00	421
445.00	420
446.00	420
447.00	420
448.00	419
449.00	419
450.00	418
451.00	418
452.00	418
453.00	417
454.00	417
455.00	417
456.00	416
457.00	416
458.00	415
459.00	415
460.00	415
461.00	415
462.00	414
463.00	414
464.00	414
465.00	414
466.00	413
467.00	413
468.00	412
469.00	412
470.00	412
471.00	411
472.00	411
473.00	410
474.00	410
475.00	410
476.00	409
477.00	409
478.00	409
