MIPT, 2022

12.05.23.tok2

0.00	1167
1.00	1167
2.00	1159
3.00	1138
4.00	1114
5.00	1089
6.00	1057
7.00	1040
8.00	1032
9.00	1011
10.00	995
11.00	984
12.00	970
13.00	953
14.00	935
15.00	919
16.00	901
17.00	883
18.00	866
19.00	849
20.00	833
21.00	817
22.00	800
23.00	784
24.00	769
25.00	753
26.00	739
27.00	724
28.00	710
29.00	696
30.00	683
31.00	670
32.00	657
33.00	645
34.00	632
35.00	621
36.00	609
37.00	597
38.00	586
39.00	575
40.00	563
41.00	552
42.00	542
43.00	533
44.00	524
45.00	514
46.00	504
47.00	495
48.00	485
49.00	477
50.00	469
51.00	460
52.00	452
53.00	444
54.00	436
55.00	428
56.00	420
57.00	414
58.00	407
59.00	399
60.00	392
61.00	385
62.00	379
63.00	372
64.00	366
65.00	361
66.00	354
67.00	349
68.00	342
69.00	337
70.00	331
71.00	326
72.00	321
73.00	316
74.00	311
75.00	306
76.00	301
77.00	296
78.00	291
79.00	288
80.00	284
81.00	279
82.00	275
83.00	271
84.00	267
85.00	263
86.00	259
87.00	256
88.00	252
89.00	249
90.00	245
91.00	242
92.00	238
93.00	235
94.00	232
95.00	228
96.00	227
97.00	224
98.00	221
99.00	218
100.00	216
101.00	212
102.00	210
103.00	207
104.00	204
105.00	202
106.00	201
107.00	198
108.00	196
109.00	193
110.00	192
111.00	190
112.00	187
113.00	185
114.00	183
115.00	181
116.00	180
117.00	178
118.00	177
119.00	174
120.00	173
121.00	171
122.00	170
123.00	167
124.00	166
125.00	164
126.00	162
127.00	161
128.00	160
129.00	159
130.00	157
131.00	156
132.00	154
133.00	154
134.00	152
135.00	151
136.00	149
137.00	149
138.00	147
139.00	145
140.00	144
141.00	144
142.00	143
143.00	142
144.00	140
145.00	139
146.00	139
147.00	137
148.00	136
149.00	135
150.00	134
151.00	133
152.00	133
153.00	131
154.00	131
155.00	131
156.00	130
157.00	128
158.00	128
159.00	127
160.00	126
161.00	126
162.00	125
163.00	124
164.00	123
165.00	122
166.00	122
167.00	121
168.00	121
169.00	121
170.00	119
171.00	119
172.00	118
173.00	117
174.00	117
175.00	116
176.00	116
177.00	114
178.00	115
179.00	114
180.00	113
181.00	113
182.00	111
183.00	112
184.00	111
185.00	111
186.00	111
187.00	110
188.00	110
189.00	110
190.00	109
191.00	109
192.00	107
193.00	107
194.00	107
195.00	106
196.00	106
197.00	106
198.00	105
199.00	104
200.00	105
201.00	104
202.00	104
203.00	103
204.00	103
205.00	103
206.00	103
207.00	103
208.00	102
209.00	101
210.00	101
211.00	101
212.00	101
213.00	101
214.00	100
215.00	100
216.00	100
217.00	99
218.00	99
219.00	98
220.00	98
221.00	97
222.00	98
223.00	97
224.00	97
225.00	97
226.00	97
227.00	96
228.00	96
229.00	96
230.00	96
231.00	95
232.00	95
233.00	95
234.00	95
235.00	95
236.00	93
237.00	93
238.00	93
239.00	93
240.00	93
241.00	93
242.00	93
243.00	93
244.00	94
245.00	93
246.00	93
247.00	92
248.00	92
249.00	92
250.00	91
251.00	91
252.00	91
253.00	90
254.00	90
255.00	90
256.00	90
257.00	90
258.00	90
259.00	90
260.00	90
261.00	90
262.00	89
263.00	90
264.00	89
265.00	89
266.00	89
267.00	89
268.00	88
269.00	88
270.00	89
271.00	88
272.00	88
273.00	88
274.00	88
275.00	88
276.00	87
277.00	87
278.00	86
279.00	86
280.00	87
281.00	86
282.00	86
283.00	86
284.00	86
285.00	85
286.00	85
287.00	85
288.00	85
289.00	85
290.00	85
291.00	85
292.00	85
293.00	85
294.00	85
295.00	85
296.00	85
297.00	84
298.00	85
299.00	84
300.00	84
301.00	84
302.00	84
303.00	84
304.00	83
305.00	83
306.00	83
307.00	83
308.00	82
309.00	83
310.00	83
311.00	83
312.00	83
313.00	83
314.00	83
315.00	82
316.00	83
317.00	82
318.00	82
319.00	82
320.00	82
321.00	81
322.00	81
323.00	81
324.00	81
325.00	81
326.00	81
327.00	80
328.00	80
329.00	80
330.00	81
331.00	81
332.00	80
333.00	80
334.00	80
335.00	80
336.00	80
337.00	80
338.00	80
339.00	80
340.00	80
341.00	80
342.00	80
343.00	80
344.00	80
345.00	80
346.00	80
347.00	79
348.00	80
349.00	79
350.00	79
351.00	79
352.00	78
353.00	78
354.00	79
355.00	79
356.00	79
357.00	79
358.00	79
359.00	79
360.00	78
361.00	78
362.00	78
363.00	78
364.00	78
365.00	78
366.00	78
367.00	78
368.00	78
369.00	78
370.00	78
371.00	78
372.00	78
373.00	77
374.00	77
375.00	77
376.00	78
377.00	77
378.00	78
379.00	78
380.00	78
381.00	78
382.00	78
383.00	78
384.00	77
385.00	77
386.00	76
387.00	76
388.00	77
389.00	76
390.00	76
391.00	76
392.00	76
393.00	76
394.00	76
395.00	76
396.00	76
397.00	76
398.00	76
399.00	76
400.00	76
401.00	76
402.00	76
403.00	76
404.00	75
405.00	75
406.00	76
407.00	76
408.00	76
409.00	76
410.00	76
411.00	75
412.00	75
413.00	75
414.00	75
415.00	75
416.00	75
417.00	75
418.00	76
419.00	75
420.00	75
421.00	75
422.00	75
423.00	75
424.00	75
425.00	74
426.00	75
427.00	75
428.00	75
429.00	75
430.00	75
431.00	74
432.00	74
433.00	75
434.00	75
435.00	75
436.00	75
437.00	75
438.00	75
439.00	74
440.00	74
441.00	75
442.00	74
443.00	74
444.00	74
445.00	74
446.00	74
447.00	74
448.00	74
449.00	73
450.00	73
451.00	73
452.00	74
453.00	74
454.00	73
455.00	74
456.00	74
457.00	74
458.00	73
459.00	73
460.00	73
461.00	73
462.00	73
463.00	73
464.00	73
465.00	73
466.00	73
467.00	73
468.00	73
469.00	73
470.00	73
471.00	73
472.00	72
473.00	73
474.00	73
475.00	73
476.00	73
477.00	73
